 72  78   9  41  24  96  39 -84 -19  67 -31 -34 -89 -24  25 -26 -85  80  -2  63  84 -80  44  62 
 96 -27  47  90  81 -23 -31 -28  67  47  81 -25  63 -49  33  16  13  84 -62  21  81 -41 -92 -22 
 69   0  87  48 -75  65  24  75  17 -96  48   7  54  27  97 -52 -18 -45 -11 -93 -36 -43  33 -31 
-58 -65 -70 -83 -70 -71  52  12 -53  45 -43 -68 -92 -55 -100  76 -92  32  63  63  -4 -90  96 -75 
 12 -40  81   9 -89 -29 -24  71 -83 -85  30  97  86  17 -66  24   2  33   0 -25 -68  86 -80  20 
 -3  72  97 -14  16   8 -79   4 -90  25 -45  46   1 -37  46  55  74  31 -80 -96 -33  -8 -78 -48 
-31  67  13  11 -35  20 -84   4  91 -86 -84   8  43 -74  89  18  89  27  16 -81  39  62  96 -29 
 75  82  14  17   3 -26 -45   2 -97  -1 -98 -99 -32  70 -23 -44 -22  13 -91  -2  94 -68 -47 -85 
 80 -100  85  -5 -48  26 -38  10 -56 -29 -47 -25 -28 -44  29  22  -7 -28  60 -87  95 -28 -53 -61 
-69  44  46 -32 -35  53  37  15   0 -12 -81  24   8 -92  93 -70  20  81 -71  13 -51  42   3  14 
 59 -33  43 -25   8   5  34  76 -28  19  65 -48  25 -38 -51  12 -80  70  83  63  -4  60 -69 -99 
-19 -48 -13  78  41  64 -17   4  72  48 -15   6 -29 -62 -48  31  49 -21 -87 -42 -36 -16 -83  25 
-88  52 -76 -81  10  82 -43 -53 -68 -40  38  51  87  21  -5  -5   5 -16  -8 -52  -5 -60 -70 -20 
-80   4  57 -13  18  66  35  21  86  53 -49 -21 -72 -42   3 -23 -91 -70   0 -84  33 -57 -84 -43 
 30 -28 -20  30  26  74 -70  21 -26  39  56 -92  31 -58 -73 -91  75 -41  -8  36 -42  57 -47 -35 
 53  20  21 -97  88  90 -86 -21  -7 -23  18  37  55 -53 -83 -76  44 -24 -94  46 -45 -24  35   0 
-52  95  52  96 -11 -68 -26  62  63   3  71 -13 -90 -37 -90   8   5 -22  70 -89 -21 -66 -26  98 
  0 -94 -11 -38 -10  98 -59  37   5  40  61  40  21  35 -15  21  -1  92 -100 -25 -36 -57  78 -54 
 67 -59 -35  20   3  22  38  55 -32  65   0 -25  68 -75 -26 -32  42  76 -61  12 -81 -59 -86 -60 
 63 -99 -75 -30   3 -43  23  32  63 -24 -89 -55  90  69  23  80  36 -46 -23 -85  34  88 -23 -33 
 43  87 -84  55   6  20  -5 -38 -74 -50  82 -78 -100  91 -32 -11  15 -31 -30  44  69 -10  42  28 
-47  -1  62 -54   0  93 -92 -72 -63  83  97  -3 -54  50 -24  38  83  22 -57  25 -74 -47 -47  67 
-86 -46 -61 -84 -97  81 -81 -40   9 -78  99  14 -33 -52  -6 -18  47  93 -14 -99  77  18  69   4 
-76   9 -42 -74  -6 -34  93 -70 -64  16   8  45  25   8 -58 -82  -5   8 -66 -87 -48  61  34 -58 

12.92 17.5 6.29 -27.08 -0.88 -5.67 7.88 -17.08 -11.54 -0.83 6.12 -4.92 -14.33 -14.71 -6.5 -5.25 0.5 1.17 -6.79 -0.88 1.62 -0.62 -11.83 -19.29 
